2 0.46043330430984497 0.6130947470664978 0.11680184304714203 0.24930714070796967
1 0.15830165147781372 0.4120621383190155 0.09320946037769318 0.06645016372203827
1 0.3016749918460846 0.4249091148376465 0.08580256253480911 0.08981373906135559
2 0.5987261533737183 0.3787328004837036 0.06280670315027237 0.09154187887907028
4 0.32671791315078735 0.19912897050380707 0.016050880774855614 0.045497216284275055
1 0.785613477230072 0.33999496698379517 0.06453641504049301 0.06083294749259949
1 0.2354356348514557 0.29741331934928894 0.02448759227991104 0.08862864226102829
0 0.5553857684135437 0.30252018570899963 0.038117412477731705 0.021815406158566475
0 0.2900654971599579 0.2965589761734009 0.012613297440111637 0.07247619330883026
1 0.21166473627090454 0.2980409860610962 0.019991207867860794 0.09286600351333618
0 0.2521589398384094 0.2991064488887787 0.012273979373276234 0.07265124469995499
2 0.796962320804596 0.29305747151374817 0.044549182057380676 0.04062804952263832
